price
937.57
701.7
828.19
994.18
680.33
381.84
909.14
929.17
477.17
97.72
229.45000000000002
708.97
363.47
507.79
545.03
691.3800000000001
217.3
288.97
685.65
951.48
873.73
455.83
493.33
97.72
493.33
990.87
751.48
252.44
507.79
990.87
496.38
391.78
449.0
436.21
1715.69
828.19
600.49
703.59
666.67
990.87
345.2
1471.1200000000001
169.72
449.0
843.96
1175.26
908.82
873.73
207.78
496.38
774.01
919.32
391.78
617.2
432.47
953.92
432.47
559.47
15.83
1588.25
908.82
60.15
345.2
432.47
1046.9
703.59
300.39
929.6500000000001
680.33
288.97
836.77
1670.58
529.14
911.51
2435.2400000000002
909.14
1480.55
1626.52
1106.0
281.1
97.72
217.3
662.48
600.49
994.18
169.3
15.83
866.75
311.3
150.32
449.0
507.79
217.3
900.44
391.78
381.84
1067.48
711.75
333.17
1167.3000000000002
708.97
828.19
663.05
1641.16
2838.56
402.41
1901.97
48.38
150.32
1786.37
545.03
685.21
1249.7199999999998
545.56
363.47
1959.65
496.38
774.01
1335.76
662.48
1553.51
2943.66
1214.6
514.35
545.56
2178.91
359.51
644.27
1474.73
118.15
288.97
71.55
1277.07
402.41
455.83
711.75
671.64
887.2
1337.9699999999998
344.49
1074.33
501.12
1338.34
740.0500000000001
1164.8
600.49
828.19
1608.13
355.42999999999995
1407.67
169.72
1508.53
953.92
333.54
2387.78
953.92
96.76
711.75
300.39
808.0899999999999
345.2
544.76
1359.49
1487.51
348.34000000000003
1090.81
258.71000000000004
2649.48
711.75
1221.6100000000001
402.41
359.09
751.48
507.79
701.7
950.44
136.71
122.85
402.41
97.72
951.48
1289.46
1236.3000000000002
1822.6299999999999
2185.42
15.83
545.56
1780.41
498.53
664.33
708.97
1119.74
1048.57
803.83
1297.02
402.41
895.23
3337.01
874.36
1416.5800000000002
3217.0
200.71
953.74
1124.82
300.39
169.3
1582.0
600.49
1023.03
1104.8899999999999
2144.0
800.02
359.09
484.59
514.35
496.38
2478.52
701.7
2301.66
898.74
645.46
834.0
617.03
1368.51
449.0
140.56
1260.45
934.49
514.63
752.66
300.39
71.55
887.2
207.78
1365.54
685.65
680.33
3367.5
2431.55
15.83
613.0600000000001
628.8199999999999
2012.17
436.21
1825.81
2102.35
402.41
436.21
866.75
443.64
316.0
929.17
1386.91
122.85
953.97
252.44
1125.88
381.84
2040.31
1004.0400000000001
451.36
1580.11
3117.77
1526.67
729.88
3109.81
136.71
2440.54
2696.19
1981.59
753.9100000000001
3306.9
960.0
794.19
1364.3700000000001
1219.3
617.1099999999999
1278.98
311.3
432.47
559.47
1622.08
1334.6200000000001
4318.51
281.1
1298.32
455.83
625.26
2138.69
895.23
944.8399999999999
3305.51
281.1
688.78
1252.79
1786.14
1396.49
1267.34
3393.81
887.2
2239.31
533.54
1078.86
1462.6200000000001
656.24
391.78
836.02
959.1400000000001
844.0200000000001
1155.9399999999998
1017.0400000000001
909.14
2277.48
966.8100000000001
1322.58
1348.96
2166.2200000000003
2250.4300000000003
1878.41
1334.95
1603.42
1128.57
1683.14
1497.04
517.69
1671.75
2804.11
988.2199999999999
1169.11
1610.83
1975.05
2339.5
1104.73
1338.07
737.65
1808.72
1195.86
637.93
1391.04
1462.23
2459.15
895.23
2697.11
1970.28
2745.9100000000003
1715.06
381.84
711.75
3788.7599999999998
2528.45
2084.63
1714.94
844.1500000000001
1806.31
1612.73
1847.52
1113.01
399.81
1478.31
680.33
1646.5900000000001
2228.02
3269.13
2400.13
1014.29
2325.84
2765.36
640.19
843.96
1488.67
311.3
2389.23
969.75
1250.69
1861.29
919.18
333.54
3059.6
1701.62
3415.06
2088.14
2492.71
2115.87
3466.1800000000003
1228.0
1216.76
2953.8900000000003
2624.82
364.17
2859.2200000000003
2908.8
98.71
1055.38
1348.19
2724.3
3556.8500000000004
2944.28
828.01
3071.8
1535.6599999999999
1003.9200000000001
2854.19
1351.97
3986.85
3873.0
2983.06
2489.37
2064.7
1555.96
1686.27
2364.97
2938.46
1717.88
1117.03
1501.97
750.6500000000001
4496.91
683.6500000000001
2267.09
4232.17
5706.53
2889.13
4979.83
6599.99
8141.27
7792.57
2414.45
640.45
