total_sales,num_orders
5452.92,6
3459.76,8
3333.35,5
483.8,10
6979.36,16
7926.96,8
6763.32,9
6680.38,14
7739.490000000001,11
1640.52,12
2077.8,10
6803.3,10
4582.08,12
5033.97,9
6773.94,9
1351.35,11
3474.81,9
930.15,13
5600.139999999999,7
4558.3,10
4334.55,15
8438.130000000001,9
1417.8000000000002,12
5249.92,8
2334.78,7
9847.53,11
7234.47,9
2811.0,10
7637.839999999999,14
6726.58,7
2607.6000000000004,12
8128.38,13
3029.2799999999997,12
4797.72,12
10971.48,13
7354.56,8
2180.82,6
977.2,10
7433.36,8
6286.0,14
8250.029999999999,9
2682.48,3
3876.5999999999995,7
6044.76,9
158.3,10
6004.9,10
10978.38,14
421.05,7
3988.24,8
1693.0,10
4701.36,12
4799.55,7
4475.76,8
9514.8,10
6093.4800000000005,12
8114.15,11
3248.08,11
3971.04,8
5426.63,11
1403.52,8
2403.12,8
5639.76,9
4637.360000000001,7
9759.2,11
5231.33,13
10634.550000000001,15
14379.84,16
3203.1299999999997,7
5814.2,14
2410.7999999999997,7
10062.13,13
1866.92,11
3452.0,10
8743.95,17
2357.52,12
10909.68,12
7718.700000000001,11
3270.18,6
3595.1,10
8553.960000000001,9
2179.1,7
4641.0,5
6166.89,9
13354.88,14
5200.5,6
1283.23,13
10766.470000000001,13
6172.0,10
841.3,10
10935.98,11
108.78,6
3347.08,4
2248.96,16
6989.84,8
2513.6299999999997,7
5553.2699999999995,9
5255.04,14
4557.55,5
1503.1999999999998,10
7829.25,11
